6.571863158803800120e-01
9.893982105301478702e-01
1.155504157855031799e+00
1.819927947154567516e+00
2.152139841804335152e+00
2.235192815466777283e+00
2.484351736454103232e+00
1.902980920817009425e+00
1.404663078842357526e+00
4.910803685554960274e-01
7.402392895428219211e-01
5.741333422179379919e-01
5.741333422179379919e-01
9.063452368677058502e-01
1.155504157855031799e+00
1.155504157855031799e+00
2.419214475681701615e-01
5.741333422179379919e-01
9.893982105301478702e-01
9.063452368677058502e-01
3.249744212306120983e-01
4.080273948930540628e-01
-9.029044708159769672e-02
-9.029044708159769672e-02
-2.563963944064815981e-01
-2.563963944064815981e-01
1.588684739057281969e-01
2.419214475681701615e-01
4.080273948930540628e-01
1.238557131517473708e+00
1.072451184192589890e+00
8.232922632052639411e-01
6.571863158803800120e-01
9.063452368677058502e-01
7.402392895428219211e-01
7.402392895428219211e-01
7.402392895428219211e-01
7.402392895428219211e-01
5.741333422179379919e-01
4.910803685554960274e-01
2.419214475681701615e-01
1.588684739057281969e-01
1.588684739057281969e-01
3.249744212306120983e-01
1.588684739057281969e-01
1.588684739057281969e-01
5.741333422179379919e-01
5.741333422179379919e-01
9.063452368677058502e-01
8.232922632052639411e-01
4.080273948930540628e-01
2.419214475681701615e-01
-9.029044708159769672e-02
-7.237473419155733903e-03
-2.563963944064815981e-01
-3.394493680689235626e-01
-8.377672100435753499e-01
-1.336085052018227248e+00
-5.886082890562495118e-01
-4.225023417313655272e-01
-5.886082890562495118e-01
-6.716612627186914208e-01
-1.253032078355785117e+00
-1.253032078355785117e+00
-1.253032078355785117e+00
-1.336085052018227248e+00
-1.253032078355785117e+00
-1.169979104693343208e+00
-6.716612627186914208e-01
-7.547142363811334409e-01
-6.716612627186914208e-01
-3.394493680689235626e-01
-6.716612627186914208e-01
-4.225023417313655272e-01
-7.237473419155733903e-03
3.249744212306120983e-01
3.249744212306120983e-01
-2.563963944064815981e-01
-7.547142363811334409e-01
-1.585243973005552975e+00
-1.917455867655320834e+00
-2.249667762305088914e+00
-2.332720735967530601e+00
-2.249667762305088914e+00
-2.166614788642646783e+00
-1.834402893992878925e+00
-1.917455867655320834e+00
-1.751349920330437016e+00
-1.253032078355785117e+00
-4.225023417313655272e-01
-3.394493680689235626e-01
-1.733434207440396613e-01
-7.547142363811334409e-01
-4.225023417313655272e-01
-1.733434207440396613e-01
-1.733434207440396613e-01
-7.237473419155733903e-03
2.419214475681701615e-01
7.581550024328623238e-02
7.581550024328623238e-02
5.741333422179379919e-01
-1.419138025680669157e+00
-7.547142363811334409e-01
2.419214475681701615e-01
7.402392895428219211e-01
1.155504157855031799e+00
1.155504157855031799e+00
8.232922632052639411e-01
2.419214475681701615e-01
-5.886082890562495118e-01
-1.585243973005552975e+00
-1.668296946667994884e+00
-6.716612627186914208e-01
2.419214475681701615e-01
8.232922632052639411e-01
1.155504157855031799e+00
1.155504157855031799e+00
8.232922632052639411e-01
2.419214475681701615e-01
-5.886082890562495118e-01
-1.585243973005552975e+00
-1.585243973005552975e+00
-5.886082890562495118e-01
2.419214475681701615e-01
8.232922632052639411e-01
1.155504157855031799e+00
1.155504157855031799e+00
8.232922632052639411e-01
1.588684739057281969e-01
-5.886082890562495118e-01
-1.668296946667994884e+00
-1.585243973005552975e+00
-5.055553153938074917e-01
3.249744212306120983e-01
8.232922632052639411e-01
1.155504157855031799e+00
1.155504157855031799e+00
8.232922632052639411e-01
7.581550024328623238e-02
-6.716612627186914208e-01
-1.668296946667994884e+00
-1.502190999343111066e+00
-5.886082890562495118e-01
3.249744212306120983e-01
9.063452368677058502e-01
1.155504157855031799e+00
1.155504157855031799e+00
7.402392895428219211e-01
1.588684739057281969e-01
-7.547142363811334409e-01
-1.585243973005552975e+00
-1.336085052018227248e+00
-5.055553153938074917e-01
4.080273948930540628e-01
9.063452368677058502e-01
1.155504157855031799e+00
1.155504157855031799e+00
7.402392895428219211e-01
7.581550024328623238e-02
-8.377672100435753499e-01
-1.585243973005552975e+00
-1.336085052018227248e+00
-3.394493680689235626e-01
4.080273948930540628e-01
9.063452368677058502e-01
1.155504157855031799e+00
1.072451184192589890e+00
7.402392895428219211e-01
-7.237473419155733903e-03
-8.377672100435753499e-01
-1.751349920330437016e+00
-1.336085052018227248e+00
-2.563963944064815981e-01
4.910803685554960274e-01
9.893982105301478702e-01
1.155504157855031799e+00
1.072451184192589890e+00
6.571863158803800120e-01
-7.237473419155733903e-03
-9.208201837060173700e-01
-1.668296946667994884e+00
-1.253032078355785117e+00
-1.733434207440396613e-01
4.910803685554960274e-01
9.893982105301478702e-01
1.155504157855031799e+00
1.072451184192589890e+00
6.571863158803800120e-01
-9.029044708159769672e-02
-1.003873157368459390e+00
-1.668296946667994884e+00
-1.169979104693343208e+00
-1.733434207440396613e-01
4.910803685554960274e-01
9.893982105301478702e-01
1.155504157855031799e+00
1.072451184192589890e+00
5.741333422179379919e-01
-1.733434207440396613e-01
-1.003873157368459390e+00
-1.585243973005552975e+00
-1.502190999343111066e+00
-1.419138025680669157e+00
-1.502190999343111066e+00
-1.585243973005552975e+00
-1.751349920330437016e+00
-1.917455867655320834e+00
-1.751349920330437016e+00
-1.585243973005552975e+00
-1.585243973005552975e+00
-1.585243973005552975e+00
-1.668296946667994884e+00
-1.668296946667994884e+00
-1.668296946667994884e+00
-1.585243973005552975e+00
-1.502190999343111066e+00
-1.419138025680669157e+00
-1.751349920330437016e+00
-1.834402893992878925e+00
-1.253032078355785117e+00
-1.169979104693343208e+00
-1.169979104693343208e+00
-1.003873157368459390e+00
-1.003873157368459390e+00
-8.377672100435753499e-01
-8.377672100435753499e-01
-7.547142363811334409e-01
-7.547142363811334409e-01
-9.208201837060173700e-01
-9.208201837060173700e-01
-8.377672100435753499e-01
-7.547142363811334409e-01
-7.547142363811334409e-01
-6.716612627186914208e-01
-5.886082890562495118e-01
-4.225023417313655272e-01
-4.225023417313655272e-01
-1.733434207440396613e-01
1.588684739057281969e-01
2.419214475681701615e-01
2.419214475681701615e-01
4.080273948930540628e-01
4.910803685554960274e-01
5.741333422179379919e-01
5.741333422179379919e-01
6.571863158803800120e-01
8.232922632052639411e-01
9.893982105301478702e-01
8.232922632052639411e-01
7.402392895428219211e-01
5.741333422179379919e-01
5.741333422179379919e-01
4.910803685554960274e-01
4.910803685554960274e-01
4.910803685554960274e-01
2.419214475681701615e-01
2.419214475681701615e-01
7.581550024328623238e-02
-7.237473419155733903e-03
2.419214475681701615e-01
3.249744212306120983e-01
5.741333422179379919e-01
4.910803685554960274e-01
3.249744212306120983e-01
2.419214475681701615e-01
3.249744212306120983e-01
4.910803685554960274e-01
4.080273948930540628e-01
5.741333422179379919e-01
7.402392895428219211e-01
8.232922632052639411e-01
9.063452368677058502e-01
8.232922632052639411e-01
8.232922632052639411e-01
7.402392895428219211e-01
9.063452368677058502e-01
9.893982105301478702e-01
9.893982105301478702e-01
1.155504157855031799e+00
1.238557131517473708e+00
1.321610105179915617e+00
1.238557131517473708e+00
1.238557131517473708e+00
1.404663078842357526e+00
1.155504157855031799e+00
1.072451184192589890e+00
8.232922632052639411e-01
7.402392895428219211e-01
8.232922632052639411e-01
5.741333422179379919e-01
6.571863158803800120e-01
1.072451184192589890e+00
1.072451184192589890e+00
1.072451184192589890e+00
1.072451184192589890e+00
1.072451184192589890e+00
1.155504157855031799e+00
1.238557131517473708e+00
1.155504157855031799e+00
9.063452368677058502e-01
-1.502190999343111066e+00
-1.419138025680669157e+00
-2.563963944064815981e-01
2.419214475681701615e-01
6.571863158803800120e-01
1.072451184192589890e+00
1.155504157855031799e+00
1.155504157855031799e+00
8.232922632052639411e-01
4.080273948930540628e-01
-4.225023417313655272e-01
-1.003873157368459390e+00
-1.668296946667994884e+00
-1.253032078355785117e+00
-6.716612627186914208e-01
-9.029044708159769672e-02
5.741333422179379919e-01
9.063452368677058502e-01
1.155504157855031799e+00
1.155504157855031799e+00
9.893982105301478702e-01
4.910803685554960274e-01
7.581550024328623238e-02
-5.886082890562495118e-01
-1.751349920330437016e+00
-1.834402893992878925e+00
-1.336085052018227248e+00
-2.563963944064815981e-01
1.588684739057281969e-01
7.402392895428219211e-01
1.072451184192589890e+00
1.155504157855031799e+00
1.072451184192589890e+00
7.402392895428219211e-01
3.249744212306120983e-01
-4.225023417313655272e-01
-1.086926131030901299e+00
-1.668296946667994884e+00
-1.253032078355785117e+00
-6.716612627186914208e-01
-7.237473419155733903e-03
5.741333422179379919e-01
9.893982105301478702e-01
1.155504157855031799e+00
1.155504157855031799e+00
9.893982105301478702e-01
4.080273948930540628e-01
-7.237473419155733903e-03
-5.886082890562495118e-01
-1.834402893992878925e+00
-1.834402893992878925e+00
-1.003873157368459390e+00
-2.563963944064815981e-01
3.249744212306120983e-01
9.063452368677058502e-01
1.155504157855031799e+00
1.155504157855031799e+00
9.893982105301478702e-01
8.232922632052639411e-01
2.419214475681701615e-01
-4.225023417313655272e-01
-1.086926131030901299e+00
-1.917455867655320834e+00
-1.169979104693343208e+00
-6.716612627186914208e-01
2.419214475681701615e-01
6.571863158803800120e-01
9.893982105301478702e-01
1.155504157855031799e+00
1.155504157855031799e+00
9.063452368677058502e-01
4.080273948930540628e-01
-9.029044708159769672e-02
-9.208201837060173700e-01
-1.751349920330437016e+00
-1.834402893992878925e+00
-1.003873157368459390e+00
-1.733434207440396613e-01
3.249744212306120983e-01
9.063452368677058502e-01
1.155504157855031799e+00
1.155504157855031799e+00
9.893982105301478702e-01
7.402392895428219211e-01
2.419214475681701615e-01
-5.055553153938074917e-01
-1.253032078355785117e+00
-1.834402893992878925e+00
-1.086926131030901299e+00
-7.547142363811334409e-01
2.419214475681701615e-01
6.571863158803800120e-01
9.893982105301478702e-01
1.155504157855031799e+00
1.155504157855031799e+00
9.063452368677058502e-01
3.249744212306120983e-01
-1.733434207440396613e-01
-1.003873157368459390e+00
-1.585243973005552975e+00
-1.419138025680669157e+00
-1.585243973005552975e+00
-2.000508841317762965e+00
-2.083561814980204652e+00
-1.502190999343111066e+00
-1.834402893992878925e+00
-1.917455867655320834e+00
-1.751349920330437016e+00
-1.751349920330437016e+00
-1.834402893992878925e+00
-1.585243973005552975e+00
-1.336085052018227248e+00
-1.253032078355785117e+00
-5.886082890562495118e-01
-5.055553153938074917e-01
-5.886082890562495118e-01
-8.377672100435753499e-01
-1.336085052018227248e+00
-1.253032078355785117e+00
-1.086926131030901299e+00
-9.208201837060173700e-01
-7.237473419155733903e-03
4.080273948930540628e-01
4.910803685554960274e-01
6.571863158803800120e-01
6.571863158803800120e-01
6.571863158803800120e-01
5.741333422179379919e-01
6.571863158803800120e-01
-7.237473419155733903e-03
-9.029044708159769672e-02
4.080273948930540628e-01
9.893982105301478702e-01
1.404663078842357526e+00
1.238557131517473708e+00
1.155504157855031799e+00
1.321610105179915617e+00
1.321610105179915617e+00
1.238557131517473708e+00
1.404663078842357526e+00
1.653821999829683476e+00
1.570769026167241567e+00
1.487716052504799658e+00
9.893982105301478702e-01
9.893982105301478702e-01
8.232922632052639411e-01
5.741333422179379919e-01
6.571863158803800120e-01
7.402392895428219211e-01
1.155504157855031799e+00
1.487716052504799658e+00
9.893982105301478702e-01
1.072451184192589890e+00
1.404663078842357526e+00
1.321610105179915617e+00
1.321610105179915617e+00
9.893982105301478702e-01
3.249744212306120983e-01
3.249744212306120983e-01
-9.029044708159769672e-02
-2.563963944064815981e-01
-8.377672100435753499e-01
-7.547142363811334409e-01
-5.055553153938074917e-01
-6.716612627186914208e-01
-7.547142363811334409e-01
-1.733434207440396613e-01
-7.237473419155733903e-03
6.571863158803800120e-01
9.893982105301478702e-01
9.063452368677058502e-01
9.063452368677058502e-01
1.321610105179915617e+00
1.321610105179915617e+00
1.155504157855031799e+00
5.741333422179379919e-01
1.588684739057281969e-01
-4.225023417313655272e-01
-2.563963944064815981e-01
-2.563963944064815981e-01
-7.547142363811334409e-01
-1.086926131030901299e+00
-8.377672100435753499e-01
-5.055553153938074917e-01
-9.208201837060173700e-01
-1.003873157368459390e+00
-9.208201837060173700e-01
-5.886082890562495118e-01
-2.563963944064815981e-01
7.581550024328623238e-02
-7.237473419155733903e-03
-1.733434207440396613e-01
-4.225023417313655272e-01
-8.377672100435753499e-01
-5.055553153938074917e-01
-2.563963944064815981e-01
-1.733434207440396613e-01
-7.237473419155733903e-03
7.581550024328623238e-02
-1.834402893992878925e+00
-1.585243973005552975e+00
7.581550024328623238e-02
1.072451184192589890e+00
1.155504157855031799e+00
1.155504157855031799e+00
1.155504157855031799e+00
4.080273948930540628e-01
-5.055553153938074917e-01
-1.003873157368459390e+00
-1.169979104693343208e+00
-5.886082890562495118e-01
-7.237473419155733903e-03
7.402392895428219211e-01
9.893982105301478702e-01
1.072451184192589890e+00
1.072451184192589890e+00
5.741333422179379919e-01
-7.237473419155733903e-03
-1.003873157368459390e+00
-1.751349920330437016e+00
-1.751349920330437016e+00
-3.394493680689235626e-01
1.588684739057281969e-01
4.910803685554960274e-01
8.232922632052639411e-01
9.893982105301478702e-01
1.155504157855031799e+00
1.072451184192589890e+00
9.063452368677058502e-01
7.402392895428219211e-01
2.419214475681701615e-01
-9.029044708159769672e-02
-1.169979104693343208e+00
-1.834402893992878925e+00
-1.336085052018227248e+00
-4.225023417313655272e-01
3.249744212306120983e-01
8.232922632052639411e-01
1.072451184192589890e+00
1.155504157855031799e+00
1.072451184192589890e+00
5.741333422179379919e-01
7.581550024328623238e-02
-5.055553153938074917e-01
-1.336085052018227248e+00
-1.585243973005552975e+00
-1.086926131030901299e+00
-9.029044708159769672e-02
1.588684739057281969e-01
6.571863158803800120e-01
1.155504157855031799e+00
1.155504157855031799e+00
1.072451184192589890e+00
5.741333422179379919e-01
4.080273948930540628e-01
-9.029044708159769672e-02
-6.716612627186914208e-01
-1.751349920330437016e+00
-1.419138025680669157e+00
-7.547142363811334409e-01
-1.733434207440396613e-01
2.419214475681701615e-01
6.571863158803800120e-01
9.893982105301478702e-01
1.155504157855031799e+00
4.910803685554960274e-01
-1.585243973005552975e+00
-1.585243973005552975e+00
4.910803685554960274e-01
1.072451184192589890e+00
1.155504157855031799e+00
1.072451184192589890e+00
9.063452368677058502e-01
4.910803685554960274e-01
-3.394493680689235626e-01
-1.751349920330437016e+00
-1.585243973005552975e+00
-5.886082890562495118e-01
4.910803685554960274e-01
7.402392895428219211e-01
9.893982105301478702e-01
8.232922632052639411e-01
-7.237473419155733903e-03
-5.886082890562495118e-01
-1.253032078355785117e+00
-1.917455867655320834e+00
-1.834402893992878925e+00
-6.716612627186914208e-01
2.419214475681701615e-01
7.402392895428219211e-01
1.155504157855031799e+00
1.155504157855031799e+00
5.741333422179379919e-01
-1.003873157368459390e+00
-1.668296946667994884e+00
1.588684739057281969e-01
7.402392895428219211e-01
-7.237473419155733903e-03
-8.377672100435753499e-01
-9.029044708159769672e-02
-1.733434207440396613e-01
-5.886082890562495118e-01
-7.547142363811334409e-01
-9.208201837060173700e-01
-9.208201837060173700e-01
-1.086926131030901299e+00
-7.237473419155733903e-03
-7.237473419155733903e-03
-5.886082890562495118e-01
-9.208201837060173700e-01
-9.208201837060173700e-01
-8.377672100435753499e-01
-5.886082890562495118e-01
-5.055553153938074917e-01
-1.003873157368459390e+00
-9.208201837060173700e-01
-9.208201837060173700e-01
-1.086926131030901299e+00
-1.169979104693343208e+00
-1.668296946667994884e+00
-1.336085052018227248e+00
-1.336085052018227248e+00
-1.668296946667994884e+00
-1.086926131030901299e+00
-7.547142363811334409e-01
-4.225023417313655272e-01
-9.029044708159769672e-02
1.588684739057281969e-01
-9.029044708159769672e-02
-2.563963944064815981e-01
-7.547142363811334409e-01
-9.208201837060173700e-01
-8.377672100435753499e-01
-5.886082890562495118e-01
-3.394493680689235626e-01
-5.886082890562495118e-01
-7.547142363811334409e-01
-7.547142363811334409e-01
-6.716612627186914208e-01
-5.055553153938074917e-01
-1.733434207440396613e-01
2.419214475681701615e-01
3.249744212306120983e-01
-9.029044708159769672e-02
-4.225023417313655272e-01
-1.733434207440396613e-01
-1.733434207440396613e-01
-6.716612627186914208e-01
-1.086926131030901299e+00
-1.169979104693343208e+00
-4.225023417313655272e-01
-9.029044708159769672e-02
-1.733434207440396613e-01
-1.733434207440396613e-01
-2.563963944064815981e-01
-6.716612627186914208e-01
-5.886082890562495118e-01
-5.055553153938074917e-01
-1.733434207440396613e-01
-4.225023417313655272e-01
-5.055553153938074917e-01
7.581550024328623238e-02
1.588684739057281969e-01
-6.716612627186914208e-01
-6.716612627186914208e-01
-5.055553153938074917e-01
-9.029044708159769672e-02
-9.029044708159769672e-02
-7.237473419155733903e-03
1.588684739057281969e-01
4.080273948930540628e-01
8.232922632052639411e-01
9.893982105301478702e-01
1.072451184192589890e+00
9.893982105301478702e-01
9.063452368677058502e-01
5.741333422179379919e-01
4.910803685554960274e-01
6.571863158803800120e-01
9.063452368677058502e-01
1.404663078842357526e+00
2.401298762791661101e+00
2.650457683778987050e+00
2.401298762791661101e+00
2.152139841804335152e+00
2.152139841804335152e+00
2.318245789129219414e+00
2.152139841804335152e+00
2.235192815466777283e+00
1.819927947154567516e+00
1.238557131517473708e+00
9.893982105301478702e-01
8.232922632052639411e-01
7.402392895428219211e-01
7.402392895428219211e-01
1.321610105179915617e+00
1.155504157855031799e+00
1.155504157855031799e+00
5.741333422179379919e-01
4.910803685554960274e-01
